0 0.0152365
0 0.0136068
0 0.0134874
0 0.0144683
0 0.0137305
0 0.0134831
0 0.0125369
0 0.0115017
0 0.0116102
0 0.0126519
0 0.0126519
0 0.0125369
0 0.0119531
0 0.0118359
0 0.0114941
0 0.0118359
0 0.0121821
0 0.0111719
0 0.0112847
0 0.0109527
0 0.0112793
0 0.0117318
0 0.0119586
0 0.0113976
0 0.0113932
0 0.0108464
0 0.0113976
0 0.0118424
0 0.0115072
0 0.0108464
0 0.0108464
0 0.0106304
0 0.0103147
0 0.0101042
0 0.0096875
0 0.00958333
0 0.00948351
0 0.00979167
0 0.0096875
0 0.00928385
0 0.00908203
0 0.00938368
0 0.00898438
0 0.00958659
0 0.010102
0 0.0104167
0 0.00989583
0 0.00928168
0 0.00888455
0 0.00938043
0 0.00958333
0 0.00888021
0 0.00907769
0 0.00888021
0 0.00917969
0 0.00928168
0 0.00888021
0 0.0086849
0 0.00830512
0 0.00908203
0 0.00868924
0 0.00821181
0 0.00830512
0 0.00802409
0 0.00783963
0 0.00830512
0 0.00792969
0 0.00793186
0 0.0077474
0 0.00830729
0 0.00821181
0 0.00820855
0 0.00729492
0 0.00765516
0 0.0075651
0 0.00756293
0 0.00765625
0 0.00738498
0 0.00738281
0 0.0071148
0 0.00774523
0 0.00783854
0 0.00747396
0 0.00747396
0 0.00720486
0 0.00729492
0 0.00729492
0 0.00756293
0 0.00738281
0 0.00668403
0 0.00685547
0 0.00651693
0 0.00626628
0 0.00634766
0 0.00643229
0 0.00643229
0 0.00660048
0 0.00626736
0 0.00610243
0 0.00626628
0 0.00601997
0 0.00651476
0 0.00660048
0 0.00643229
0 0.00610243
0 0.0061849
0 0.0061849
0 0.00626736
0 0.0061849
0 0.00602214
0 0.00634983
0 0.00626628
0 0.00610243
0 0.00626628
0 0.00626736
0 0.00610352
0 0.0061849
0 0.00626628
0 0.00610352
0 0.00602214
0 0.0061849
0 0.00634983
0 0.00578234
0 0.00586155
0 0.00610352
0 0.00601997
0 0.00570312
0 0.00578125
0 0.00586155
0 0.00554688
0 0.005625
0 0.00578234
0 0.00594184
0 0.00594184
0 0.00570313
0 0.00578234
0 0.00586155
0 0.00578234
0 0.00578234
0 0.00578125
0 0.00601997
0 0.00554687
0 0.005625
0 0.00626628
0 0.00602214
0 0.00578234
0 0.00494358
0 0.00516493
0 0.00570313
0 0.00554687
0 0.0053928
0 0.00509115
0 0.00494358
0 0.00508898
0 0.00546875
0 0.00509115
0 0.00509115
0 0.00509115
0 0.00494358
0 0.00546875
0 0.00524089
0 0.00531576
0 0.00546875
0 0.00554688
0 0.00539063
0 0.00586155
0 0.0053928
0 0.005625
0 0.00610352
0 0.0061849
0 0.00634983
0 0.00610352
0 0.00642904
0 0.0066862
0 0.00651476
0 0.00685113
0 0.00651476
0 0.00642904
0 0.00668403
0 0.00728624
0 0.00667969
0 0.00668403
0 0.00651476
0 0.00660048
0 0.0061849
0 0.00626628
0 0.00651693
0 0.00634766
0 0.00610243
0 0.00585937
0 0.00618273
0 0.00586155
0 0.00562391
0 0.00570312
0 0.00570312
0 0.00578125
0 0.00562391
0 0.0053928
0 0.00531684
0 0.00554688
0 0.00594184
0 0.00594184
0 0.00586155
0 0.00586155
0 0.00578125
0 0.00570095
0 0.00585937
0 0.00601997
0 0.0061849
0 0.00626628
0 0.0061849
0 0.00659722
0 0.00609918
0 0.00617839
0 0.00601997
0 0.00586155
0 0.00585937
0 0.00585937
0 0.00585937
0 0.00601997
0 0.00570312
0 0.00602214
0 0.00594076
0 0.00634983
0 0.0061849
0 0.00602214
0 0.00570095
0 0.00570312
0 0.00546549
0 0.005625
0 0.00524089
0 0.0053928
0 0.00546875
0 0.00585937
0 0.00494141
0 0.00516493
0 0.00516493
0 0.00494358
0 0.00486979
0 0.00486979
0 0.00509115
0 0.00516602
0 0.00501736
0 0.00494141
0 0.00472548
0 0.00494141
0 0.0055447
0 0.00539063
0 0.00531576
0 0.00516493
0 0.00501628
0 0.00531576
0 0.00501628
0 0.00479818
0 0.00494358
0 0.00508898
0 0.00509115
0 0.00464844
0 0.0044401
0 0.00451172
0 0.00465278
0 0.00501628
0 0.00472548
0 0.00472656
0 0.00516493
0 0.00486979
0 0.00501302
0 0.00501302
0 0.00501302
0 0.00465495
0 0.00458333
0 0.00465278
0 0.00516168
0 0.00501628
0 0.00465495
0 0.00465495
0 0.00451389
0 0.00451389
0 0.00451389
0 0.004375
0 0.00416992
0 0.00403646
0 0.00410373
0 0.00451172
0 0.00416992
0 0.00416992
0 0.00410156
0 0.00410373
0 0.00397135
0 0.00397135
0 0.00390625
0 0.00384115
0 0.00403646
0 0.00397135
0 0.00397135
0 0.00430664
0 0.00444336
0 0.00458333
0 0.004375
0 0.00444444
0 0.00472548
0 0.00472222
0 0.004375
0 0.00430664
0 0.00451172
0 0.00472222
0 0.004375
0 0.00465495
0 0.00465495
0 0.00465278
0 0.00472548
0 0.00430556
0 0.00430556
0 0.00458333
0 0.00465278
0 0.00486979
0 0.00493707
0 0.00494141
0 0.0053928
0 0.00531576
0 0.0053125
0 0.00546875
0 0.00562391
0 0.00594076
0 0.00578125
0 0.00594076
0 0.0061849
0 0.00610352
0 0.00626736
0 0.0061849
0 0.00651476
0 0.00677192
0 0.0066862
0 0.00651693
0 0.00626736
0 0.00634766
0 0.00634766
0 0.0061849
0 0.00594184
0 0.00626736
0 0.00634983
0 0.00585937
0 0.00601997
0 0.00594076
0 0.00594184
0 0.0059375
0 0.00585937
0 0.00570095
0 0.00562391
0 0.00594076
0 0.00570095
0 0.00546549
0 0.0055447
0 0.005625
0 0.00531576
0 0.00501302
0 0.00546875
0 0.00531576
0 0.00524089
0 0.00539063
0 0.00523872
0 0.00516493
0 0.00486979
0 0.0050076
0 0.00523872
0 0.00523872
0 0.00516493
0 0.00516493
0 0.00516168
0 0.00531576
0 0.00531576
0 0.00546983
0 0.00578125
0 0.00578125
0 0.00601997
0 0.00602214
0 0.00626302
0 0.00626628
0 0.00626628
0 0.00677083
0 0.00702908
0 0.00642904
0 0.00643229
0 0.00609918
0 0.00642904
0 0.00634766
0 0.00610243
0 0.00601997
0 0.00634766
0 0.00626628
0 0.0066862
0 0.00634983
0 0.00660156
0 0.00660048
0 0.00643229
0 0.00626628
0 0.00651476
0 0.00651693
0 0.00677083
0 0.00651476
0 0.00634766
0 0.00642904
0 0.00668403
0 0.00651476
0 0.00634983
0 0.00685764
0 0.00677192
0 0.00642904
0 0.00602214
0 0.00602214
0 0.0061849
0 0.0061849
0 0.00634983
0 0.00602214
0 0.00634766
0 0.00610243
0 0.00602214
0 0.0061849
0 0.0061849
0 0.00601997
0 0.00594076
0 0.00626628
0 0.00610243
0 0.00577799
0 0.00570095
0 0.00634332
0 0.00617839
0 0.00601997
0 0.00562066
0 0.0053125
0 0.0055447
0 0.00546549
0 0.0053125
0 0.0055447
0 0.0055447
0 0.00578125
0 0.00578125
0 0.0055447
0 0.0055447
0 0.00539063
0 0.00546549
0 0.00531576
0 0.0053928
0 0.00546875
0 0.00531576
0 0.00516493
0 0.00546875
0 0.00516493
0 0.00523872
0 0.00508898
0 0.00523872
0 0.00516493
0 0.00494141
0 0.00516493
0 0.0053125
0 0.00531576
0 0.00523872
0 0.00516168
0 0.00508898
0 0.00516493
0 0.00501628
0 0.00516493
0 0.00524089
0 0.00509115
0 0.00486979
0 0.00508898
0 0.00516493
0 0.00494141
0 0.00501628
0 0.00487088
0 0.00494358
0 0.00494358
0 0.00494358
0 0.00487088
0 0.00479818
0 0.00501736
0 0.00494358
0 0.00465495
0 0.00451389
0 0.00451389
0 0.00458333
0 0.00458442
0 0.00479818
0 0.00444336
0 0.00458333
0 0.00423611
0 0.00410373
0 0.00410373
0 0.00384115
0 0.004375
0 0.00397135
0 0.00417101
0 0.00410373
0 0.00383898
0 0.00403646
0 0.00410373
0 0.00423828
0 0.00410156
0 0.004375
0 0.00451389
0 0.00451172
0 0.00451389
0 0.00403646
0 0.0040332
0 0.00410373
0 0.00390516
0 0.0040332
0 0.0040332
0 0.00383898
0 0.00423611
0 0.00377604
0 0.00377604
0 0.00352431
0 0.00352431
0 0.00358507
0 0.00340169
0 0.00352431
0 0.00340169
0 0.00340169
0 0.00352431
0 0.00352105
0 0.00346137
0 0.00340169
0 0.00358724
0 0.00352431
0 0.00358724
0 0.00371311
0 0.00358507
0 0.00364909
0 0.00358507
0 0.00364909
0 0.00377604
0 0.00377604
0 0.00371094
0 0.00371094
0 0.00390191
0 0.00358507
0 0.00364583
0 0.00346137
0 0.00364583
0 0.00377279
0 0.00358724
0 0.00339844
0 0.00358507
0 0.00358724
0 0.00371311
0 0.00346137
0 0.00346137
0 0.00346137
0 0.00358507
0 0.00358507
0 0.00339844
0 0.00328125
0 0.00340169
0 0.00339844
0 0.00328125
0 0.00333984
0 0.00328125
0 0.00340169
0 0.00328125
0 0.00328125
0 0.00328125
0 0.00328125
0 0.00322049
0 0.00333984
0 0.00322049
0 0.00315972
0 0.00322049
0 0.00328125
0 0.00322266
0 0.00321615
0 0.00327799
0 0.00303819
0 0.00328125
0 0.00328125
0 0.00328125
0 0.00333984
0 0.00327799
0 0.00322049
0 0.00322049
0 0.00322049
0 0.00333984
0 0.00316298
0 0.00333984
0 0.00322049
0 0.00334201
0 0.0031033
0 0.00322049
0 0.00322049
0 0.00322266
0 0.00322049
0 0.00310547
0 0.00328125
0 0.00304688
0 0.00304796
0 0.00322266
0 0.00304688
0 0.00322049
0 0.00328125
0 0.00322049
0 0.00304688
0 0.00304688
0 0.00293294
0 0.00316298
0 0.00333984
0 0.00322266
0 0.00316298
0 0.00304688
0 0.0031033
0 0.00298828
0 0.00298828
0 0.00304688
0 0.00316298
0 0.0031033
0 0.00298828
0 0.00293294
0 0.00293294
0 0.00293294
0 0.00304688
0 0.00304688
0 0.00304688
0 0.00299045
0 0.0028776
0 0.00298828
0 0.0028776
0 0.00293294
0 0.00282118
0 0.00298828
0 0.00282118
0 0.00293294
0 0.00276693
0 0.00276693
0 0.00255208
0 0.00282118
0 0.00287543
0 0.00282118
0 0.00271159
0 0.00282118
0 0.00270291
0 0.00265191
0 0.00265842
0 0.00282118
0 0.00276693
0 0.00276693
0 0.00271159
0 0.00271159
0 0.00271159
0 0.00255208
0 0.00249891
0 0.00249891
0 0.00260525
0 0.00254991
0 0.00260417
0 0.00260417
0 0.00254991
0 0.00260091
0 0.00254991
0 0.00249566
0 0.00249566
0 0.00254557
0 0.00254557
0 0.00244141
0 0.00254557
0 0.00254557
0 0.00260525
0 0.00265842
0 0.00260091
0 0.00260091
0 0.00260091
0 0.00276476
0 0.00287543
0 0.00287543
0 0.00287543
0 0.00293294
0 0.00299045
0 0.00293294
0 0.00293294
0 0.00282118
0 0.00271159
0 0.00271267
0 0.00276693
0 0.00271159
0 0.00265625
0 0.00271159
0 0.00271159
0 0.00299045
0 0.00293294
0 0.00293294
0 0.00293294
0 0.00310547
0 0.00293403
0 0.00271159
0 0.00265625
0 0.00304688
0 0.00293403
0 0.00293403
0 0.00328125
0 0.00340169
0 0.00328125
0 0.00334201
0 0.00340169
0 0.00340169
0 0.00346137
0 0.00352431
0 0.00352431
0 0.00377604
0 0.00364909
0 0.00377604
0 0.00371311
0 0.00364909
0 0.00358724
0 0.00322049
0 0.00340169
0 0.00364909
0 0.00346137
0 0.00346354
0 0.00340169
0 0.00346137
0 0.00358507
0 0.00377604
0 0.00371094
0 0.00346354
0 0.00377604
0 0.00371094
0 0.00352431
0 0.00346137
0 0.00358507
0 0.00340169
0 0.00346137
0 0.00340169
0 0.00352431
0 0.00304688
0 0.00316298
0 0.00328125
0 0.00334201
0 0.00316298
0 0.00316406
0 0.00328125
0 0.00310547
0 0.00299045
0 0.00304688
0 0.00282118
0 0.0028125
0 0.00303819
0 0.00322049
0 0.00322049
0 0.00322049
0 0.0031033
0 0.00304362
0 0.00292969
0 0.00282118
0 0.00304688
0 0.0028776
0 0.00282118
0 0.00298394
0 0.00298828
0 0.00303819
0 0.00304688
0 0.00293294
0 0.00293294
0 0.00293294
0 0.00299045
0 0.00304688
0 0.00281793
0 0.00287543
0 0.00293294
0 0.00304688
0 0.00299045
0 0.00276476
0 0.00276476
0 0.00304688
0 0.00287543
0 0.00281793
0 0.00287543
0 0.00287543
0 0.00316406
0 0.00299045
0 0.00282227
0 0.00282227
0 0.00310547
0 0.00322266
0 0.00310547
0 0.00299045
0 0.00293403
0 0.00304688
0 0.00304362
0 0.00328125
0 0.00340278
0 0.00310547
0 0.00304688
0 0.0031033
0 0.00322049
0 0.00316298
0 0.00328125
0 0.00328125
0 0.00340169
0 0.00310547
0 0.00322049
0 0.0031033
0 0.00304688
0 0.00316298
0 0.00328125
0 0.0031033
0 0.00322049
0 0.00315972
0 0.00304688
0 0.00315972
0 0.00293294
0 0.00282118
0 0.00304688
0 0.0031033
0 0.0031033
0 0.0028776
0 0.00287543
0 0.00287543
0 0.00298828
0 0.00292426
0 0.00276476
0 0.0031033
0 0.00282118
0 0.00304362
0 0.00282118
0 0.00298828
0 0.00281793
0 0.00282118
0 0.00265842
0 0.00260417
0 0.00255208
0 0.00276042
0 0.00270291
0 0.0028125
0 0.0028125
0 0.00282118
0 0.00293294
0 0.00282118
0 0.00282118
0 0.00265625
0 0.00271159
0 0.00260417
0 0.00260525
0 0.00239583
0 0.00249891
0 0.00244792
0 0.00255208
0 0.00260417
0 0.00260417
0 0.00276476
0 0.00287109
0 0.00271159
0 0.00282118
0 0.0028776
0 0.00282118
0 0.00299045
0 0.00276476
0 0.00293294
0 0.00298394
0 0.00299045
0 0.00298828
0 0.00293294
0 0.00282118
0 0.00304796
0 0.00293403
0 0.0028776
0 0.00304688
0 0.00282227
0 0.00282118
0 0.00265625
0 0.00276476
0 0.00281793
0 0.00276476
0 0.00287543
0 0.00287543
0 0.00265842
0 0.00265842
0 0.00276476
0 0.00287543
0 0.00298828
0 0.00304688
0 0.00304362
0 0.0031033
0 0.00298828
0 0.00292969
0 0.00281793
0 0.00282118
0 0.0028776
0 0.00293294
0 0.00293294
0 0.00293294
0 0.00298828
0 0.00298828
0 0.00299045
0 0.00298828
0 0.00298828
0 0.00304688
0 0.00298828
0 0.00298828
0 0.00304688
0 0.0031033
0 0.00304688
0 0.00292426
0 0.0028125
0 0.0031033
0 0.00293294
0 0.00298828
0 0.00316298
0 0.00322049
0 0.00322049
0 0.00304688
0 0.0031033
0 0.00316298
0 0.00304688
0 0.00298828
0 0.0031033
0 0.00322049
0 0.00333984
0 0.00333984
0 0.00315972
0 0.00333984
0 0.00333984
0 0.00340169
0 0.00328125
0 0.00282118
0 0.0031033
0 0.0031033
0 0.00333984
0 0.00315972
0 0.0031033
0 0.00322049
0 0.00322049
0 0.00281793
0 0.0031033
0 0.00298828
0 0.00292969
0 0.00304688
0 0.00304688
0 0.0031033
0 0.00287543
0 0.00287543
0 0.00292969
0 0.00281793
0 0.00249891
0 0.00287543
0 0.00287543
0 0.00276476
0 0.00276476
0 0.00287543
0 0.00265625
0 0.00287543
0 0.00265625
0 0.00260091
0 0.00254991
0 0.00265625
0 0.00270833
0 0.00271159
0 0.00276476
0 0.00276476
0 0.00293294
0 0.00293294
0 0.00287543
0 0.00292969
0 0.00260091
0 0.00282118
0 0.00276476
0 0.00249891
0 0.00244792
0 0.00276476
0 0.00271159
0 0.00282118
0 0.00265625
0 0.00276476
0 0.00260417
0 0.00229492
0 0.00271159
0 0.00265625
0 0.00254991
0 0.00224609
0 0.00249891
0 0.00255208
0 0.00249891
0 0.00265625
0 0.00254991
0 0.00229492
0 0.00249891
0 0.00229492
0 0.00239583
0 0.00239583
0 0.00260417
0 0.00255208
0 0.00249891
0 0.00239583
0 0.00249891
0 0.00229492
0 0.00224609
0 0.00254991
0 0.00234375
0 0.00229167
0 0.00249891
0 0.00229167
0 0.00249891
0 0.00244792
0 0.00224392
0 0.00244575
0 0.00234592
0 0.00239583
0 0.00214844
0 0.00229492
0 0.00234592
0 0.00249891
0 0.00239583
0 0.00224609
0 0.00229492
0 0.00229492
0 0.00219618
0 0.00214844
0 0.00229492
0 0.00214627
0 0.00214844
0 0.00205295
0 0.00234592
0 0.00239692
0 0.00249891
0 0.00254991
0 0.00249891
0 0.00249891
0 0.00244792
0 0.00255208
0 0.00244792
0 0.00249891
0 0.00255208
0 0.00244792
0 0.00265842
0 0.00265625
0 0.00276476
0 0.00255208
0 0.00265842
0 0.00276693
0 0.00260417
0 0.00260417
0 0.00255208
0 0.00282118
0 0.00287543
0 0.00282118
0 0.00293294
0 0.00293294
0 0.00304688
0 0.00304688
0 0.0031033
0 0.0031033
0 0.00282118
0 0.00322049
0 0.00322049
0 0.00293294
0 0.00310547
0 0.0031033
0 0.00315972
0 0.00315972
0 0.00316298
0 0.0031033
0 0.00298828
0 0.00316298
0 0.00315972
0 0.00298828
0 0.00293294
0 0.00293294
0 0.00299045
0 0.00271159
0 0.00304688
0 0.00282118
0 0.00276693
0 0.00293294
0 0.00304688
0 0.0028776
0 0.00293294
0 0.00293294
0 0.00304688
0 0.00276476
0 0.00276476
0 0.00287543
0 0.00287543
0 0.00282118
0 0.00271159
0 0.0028776
0 0.00287543
0 0.00282118
0 0.00276476
0 0.00282118
0 0.00276476
0 0.00282118
0 0.00276476
0 0.00276693
0 0.00282118
0 0.00271159
0 0.00276693
0 0.00270833
0 0.00271159
0 0.00282118
0 0.00270833
0 0.00276476
0 0.00265625
0 0.00265625
0 0.00271159
0 0.00276693
0 0.00276693
0 0.00254991
0 0.00229167
0 0.00234375
0 0.00244792
0 0.00239583
0 0.00249566
0 0.00254991
0 0.00244575
0 0.00239583
0 0.00244792
0 0.00229167
0 0.00254557
0 0.00229167
0 0.00239583
0 0.00244575
0 0.00254991
0 0.00255208
0 0.00265842
0 0.00249891
0 0.00255208
0 0.00249891
0 0.00249891
0 0.00244792
0 0.00271159
0 0.00249891
0 0.00276476
0 0.00254991
0 0.00249891
0 0.00260417
0 0.00249891
0 0.00249566
0 0.00244575
0 0.00244141
0 0.00260417
0 0.00254991
0 0.00244575
0 0.00249891
0 0.00260091
0 0.00254991
0 0.00244792
0 0.00249891
0 0.00244575
0 0.00239258
0 0.00223958
0 0.00229492
0 0.00229167
0 0.00233941
0 0.00199653
0 0.00205078
0 0.00224392
0 0.00229167
0 0.00219293
0 0.00234375
0 0.00244575
0 0.00244575
0 0.00244575
0 0.00239583
0 0.00219618
0 0.00224392
0 0.00200195
0 0.00209635
0 0.00214627
0 0.00205078
0 0.00205078
0 0.00209635
0 0.00219293
0 0.00214627
0 0.00209961
0 0.00219618
0 0.00229492
0 0.00219727
0 0.00214844
0 0.00209961
0 0.00205295
0 0.00200521
0 0.00205295
0 0.00191298
0 0.00209961
0 0.00209961
0 0.00209961
0 0.00205078
0 0.00209961
0 0.00209635
0 0.00209635
0 0.00209635
0 0.00214844
0 0.00205295
0 0.00214844
0 0.00214844
0 0.00219618
0 0.00219727
0 0.00219618
0 0.00205078
0 0.00214844
0 0.00214627
0 0.00214627
0 0.00214627
0 0.00214627
0 0.00219293
0 0.00209635
0 0.00224392
0 0.00214627
0 0.00219618
0 0.00209961
0 0.00214627
0 0.00229167
0 0.00214627
0 0.00209961
0 0.00195964
0 0.00205295
0 0.00229492
0 0.00200521
0 0.00200521
0 0.00219618
0 0.00229492
0 0.00224392
0 0.00229492
0 0.00195964
0 0.00229492
0 0.00219618
0 0.00214627
0 0.00214627
0 0.00205078
0 0.00209961
0 0.00200521
0 0.00200521
0 0.00200521
0 0.00209961
0 0.00200521
0 0.00195747
0 0.00205078
0 0.00200521
0 0.00209961
0 0.00195747
0 0.00209961
0 0.00209961
0 0.00205078
0 0.00214627
0 0.00219618
0 0.00209961
0 0.00224392
0 0.00219618
0 0.00214627
0 0.00219618
0 0.00214627
0 0.00224392
0 0.00219618
0 0.00234375
0 0.00224392
0 0.00224392
0 0.00205078
0 0.00214627
0 0.00205078
0 0.00200521
0 0.00200521
0 0.00200521
0 0.00195964
0 0.00186632
0 0.00195747
0 0.00191298
0 0.00195747
0 0.00195964
0 0.00195747
0 0.00191298
0 0.00191298
0 0.00191298
0 0.00186632
0 0.00191298
0 0.00191298
